#coordinates for reset and read position:
reset.p.x: 0.5075696792670239
reset.p.y: -0.8224364680503844
reset.p.z: -0.350620617505533
reset.o.x: -0.9999090169487096
reset.o.y: 0.012984452639210858
reset.o.z: -0.0022072314238349585
reset.o.w: 0.002913750807252818

read.p.x: 0.9452062913941355
read.p.y: -0.05010427922935277
read.p.z: 0.4662713790205196
read.o.x: 0.6810297963225275
read.o.y: 0.008127246155781958
read.o.z: 0.7321170177970361
read.o.w: 0.011706265108671177

